glacier_list <- c('G007276E45599N')
