glacier_list <- c('G007276E45599N', 'G042869E43218N', 'G072559E37965N', 'G072799E39141N', 'G010748E46850N')
